+-----+-------------+-------------+-------------+
|   n |      AbsErr |      RelErr |           R |
+=====+=============+=============+=============+
|   3 | 0.000703377 | 0.255797    | 0.0336748   |
|   5 | 1.58731e-05 | 0.00577257  | 0.0125027   |
|  10 | 4.3631e-10  | 1.58673e-07 | 0.00157848  |
|  20 | 0           | 2.01e-14    | 4.4296e-05  |
|  30 | 1e-16       | 4.03e-14    | 1.60758e-06 |
|  40 | 1e-16       | 6.05e-14    | 6.51184e-08 |
|  50 | 0           | 2.01e-14    | 2.80459e-09 |
|  60 | 0           | 2.01e-14    | 1.25621e-10 |
|  70 | 1e-16       | 6.05e-14    | 5.782e-12   |
|  80 | 3e-16       | 1.211e-13   | 2.715e-13   |
|  90 | 2e-16       | 1.009e-13   | 1.29e-14    |
| 100 | 2e-16       | 8.07e-14    | 6e-16       |
+-----+-------------+-------------+-------------+