+-----+-------------+--------------+-------------+
|   n |      AbsErr |       RelErr |           R |
+=====+=============+==============+=============+
|   3 | 0.00389551  | 75.2628      | 0.0860005   |
|   5 | 7.21105e-06 |  0.139321    | 0.0510267   |
|  10 | 2.8289e-09  |  5.46555e-05 | 0.0207983   |
|  20 | 0           |  1.173e-13   | 0.00608334  |
|  30 | 3e-16       |  6.3344e-12  | 0.00230113  |
|  40 | 5e-16       |  1.10769e-11 | 0.000971538 |
|  50 | 1.3e-15     |  2.59745e-11 | 0.000436129 |
|  60 | 8.2e-15     |  1.59316e-10 | 0.000203609 |
|  70 | 3.5e-15     |  6.83382e-11 | 9.76809e-05 |
|  80 | 3.65e-14    |  7.06274e-10 | 4.78106e-05 |
|  90 | 5.44e-14    |  1.0518e-09  | 2.37634e-05 |
| 100 | 5.078e-13   |  9.81271e-09 | 1.19556e-05 |
+-----+-------------+--------------+-------------+