+-----+-------------+-------------+-------------+
|   n |      AbsErr |      RelErr |           R |
+=====+=============+=============+=============+
|   3 | 0.00180342  | 0.267531    | 0.0124054   |
|   5 | 7.46308e-05 | 0.0110712   | 0.00279552  |
|  10 | 1.5014e-08  | 2.22727e-06 | 0.000101293 |
|  20 | 1.82e-14    | 2.701e-12   | 2.34136e-07 |
|  30 | 1.629e-13   | 2.41775e-11 | 6.99908e-10 |
|  40 | 1.03731e-11 | 1.53882e-09 | 2.3352e-12  |
|  50 | 4.386e-10   | 6.50647e-08 | 8.2e-15     |
|  60 | 3.87113e-08 | 5.74268e-06 | 0           |
|  70 | 8.00978e-06 | 0.00118822  | 0           |
|  80 | 0.000153001 | 0.0226972   | 0           |
|  90 | 0.00522672  | 0.775365    | 0           |
| 100 | 0.0232545   | 3.44972     | 0           |
+-----+-------------+-------------+-------------+