+-----+-------------+--------------+-------------+
|   n |      AbsErr |       RelErr |           R |
+=====+=============+==============+=============+
|   3 | 0.000855674 | 16.532       | 0.0860005   |
|   5 | 1.72113e-05 |  0.332529    | 0.0510267   |
|  10 | 1.18235e-09 |  2.28435e-05 | 0.0207983   |
|  20 | 0           |  4.524e-13   | 0.00608334  |
|  30 | 0           |  3.854e-13   | 0.00230113  |
|  40 | 0           |  1.3238e-12  | 0.000971538 |
|  50 | 0           |  7.541e-13   | 0.000436129 |
+-----+-------------+--------------+-------------+