+-----+-------------+-------------+-----------+
|   n |      AbsErr |      RelErr |         R |
+=====+=============+=============+===========+
|   3 | 0.00128039  | 0.704939    |  0.198486 |
|   5 | 5.80806e-05 | 0.0319771   |  0.178913 |
|  10 | 2.1293e-08  | 1.17232e-05 |  0.207448 |
|  20 | 9.4e-15     | 5.2261e-12  |  0.491018 |
|  30 | 1.04e-14    | 5.7304e-12  |  1.50304  |
|  40 | 2.30764e-10 | 1.27051e-07 |  5.13528  |
|  50 | 2.1e-15     | 1.1919e-12  | 18.6549   |
+-----+-------------+-------------+-----------+