+-----+-------------+-------------+-------------+
|   n |      AbsErr |      RelErr |           R |
+=====+=============+=============+=============+
|   3 | 0.0103767   | 1.53935     | 0.0124054   |
|   5 | 0.000376484 | 0.05585     | 0.00279552  |
|  10 | 5.43482e-08 | 8.06236e-06 | 0.000101293 |
|  20 | 1.03e-14    | 1.5316e-12  | 2.34136e-07 |
|  30 | 4.0789e-12  | 6.05098e-10 | 6.99908e-10 |
|  40 | 1.87686e-10 | 2.78425e-08 | 2.3352e-12  |
|  50 | 9.7e-15     | 1.4493e-12  | 8.2e-15     |
+-----+-------------+-------------+-------------+