+-----+-------------+-------------+-------------+
|   n |      AbsErr |      RelErr |           R |
+=====+=============+=============+=============+
|   3 | 0.00130542  | 0.474741    | 0.0336748   |
|   5 | 1.41454e-05 | 0.00514424  | 0.0125027   |
|  10 | 5.37445e-10 | 1.95452e-07 | 0.00157848  |
|  20 | 3e-16       | 1.413e-13   | 4.4296e-05  |
|  30 | 7e-16       | 2.826e-13   | 1.60758e-06 |
|  40 | 1.3e-15     | 5.046e-13   | 6.51184e-08 |
|  50 | 1.8e-15     | 6.863e-13   | 2.80459e-09 |
+-----+-------------+-------------+-------------+